{
 "cells": [
  {
   "cell_type": "code",
   "execution_count": 1,
   "metadata": {},
   "outputs": [],
   "source": [
    "import json\n",
    "import pandas as pd"
   ]
  },
  {
   "cell_type": "code",
   "execution_count": 2,
   "metadata": {},
   "outputs": [],
   "source": [
    "with open(\"twu.tennis-warehouse.com.json\", \"r\") as f:  \n",
    "    data = json.load(f)"
   ]
  },
  {
   "cell_type": "code",
   "execution_count": 3,
   "metadata": {},
   "outputs": [],
   "source": [
    "log_data_entries = data['log']['entries']\n",
    "racquet_data = []\n",
    "\n",
    "for ele in log_data_entries:\n",
    "    text_response = ele['response']['content']['text']\n",
    "    if text_response[:10] == '{\"pcode\":\"':\n",
    "        racquet_data.append(json.loads(text_response))\n",
    "\n"
   ]
  },
  {
   "cell_type": "code",
   "execution_count": 4,
   "metadata": {},
   "outputs": [
    {
     "data": {
      "text/plain": [
       "Index(['pcode', 'mfg', 'racquet', 'headsize', 'length', 'weight', 'balance',\n",
       "       'swingweight', 'flex', 'acor', 'sweet', 'rccode', 'current',\n",
       "       'twistweight', 'hittingweight', 'vibration', 'filter', 'distance',\n",
       "       'spin', 'angle', 'shotspeed', 'swingspeed', 'plow', 'time'],\n",
       "      dtype='object')"
      ]
     },
     "execution_count": 4,
     "metadata": {},
     "output_type": "execute_result"
    }
   ],
   "source": [
    "df = pd.DataFrame(racquet_data)\n",
    "df.columns"
   ]
  },
  {
   "cell_type": "code",
   "execution_count": 5,
   "metadata": {},
   "outputs": [
    {
     "data": {
      "text/html": [
       "<div>\n",
       "<style scoped>\n",
       "    .dataframe tbody tr th:only-of-type {\n",
       "        vertical-align: middle;\n",
       "    }\n",
       "\n",
       "    .dataframe tbody tr th {\n",
       "        vertical-align: top;\n",
       "    }\n",
       "\n",
       "    .dataframe thead th {\n",
       "        text-align: right;\n",
       "    }\n",
       "</style>\n",
       "<table border=\"1\" class=\"dataframe\">\n",
       "  <thead>\n",
       "    <tr style=\"text-align: right;\">\n",
       "      <th></th>\n",
       "      <th>pcode</th>\n",
       "      <th>mfg</th>\n",
       "      <th>racquet</th>\n",
       "      <th>headsize</th>\n",
       "      <th>length</th>\n",
       "      <th>weight</th>\n",
       "      <th>balance</th>\n",
       "      <th>swingweight</th>\n",
       "      <th>flex</th>\n",
       "      <th>acor</th>\n",
       "      <th>...</th>\n",
       "      <th>hittingweight</th>\n",
       "      <th>vibration</th>\n",
       "      <th>filter</th>\n",
       "      <th>distance</th>\n",
       "      <th>spin</th>\n",
       "      <th>angle</th>\n",
       "      <th>shotspeed</th>\n",
       "      <th>swingspeed</th>\n",
       "      <th>plow</th>\n",
       "      <th>time</th>\n",
       "    </tr>\n",
       "  </thead>\n",
       "  <tbody>\n",
       "    <tr>\n",
       "      <th>0</th>\n",
       "      <td>VS5</td>\n",
       "      <td>Volkl</td>\n",
       "      <td>V-Sense 5</td>\n",
       "      <td>100</td>\n",
       "      <td>27.00</td>\n",
       "      <td>276</td>\n",
       "      <td>33.5</td>\n",
       "      <td>281</td>\n",
       "      <td>70</td>\n",
       "      <td>0.255</td>\n",
       "      <td>...</td>\n",
       "      <td>114</td>\n",
       "      <td>164</td>\n",
       "      <td>21/2-effort</td>\n",
       "      <td>68.5</td>\n",
       "      <td>1596</td>\n",
       "      <td>3.6</td>\n",
       "      <td>64.5</td>\n",
       "      <td>51.4</td>\n",
       "      <td>37</td>\n",
       "      <td>0.89</td>\n",
       "    </tr>\n",
       "    <tr>\n",
       "      <th>1</th>\n",
       "      <td>U100UL</td>\n",
       "      <td>Wilson</td>\n",
       "      <td>Ultra 100UL</td>\n",
       "      <td>100</td>\n",
       "      <td>27.00</td>\n",
       "      <td>270</td>\n",
       "      <td>34.0</td>\n",
       "      <td>283</td>\n",
       "      <td>68</td>\n",
       "      <td>0.260</td>\n",
       "      <td>...</td>\n",
       "      <td>116</td>\n",
       "      <td>164</td>\n",
       "      <td>21/2-effort</td>\n",
       "      <td>68.5</td>\n",
       "      <td>1595</td>\n",
       "      <td>3.6</td>\n",
       "      <td>64.8</td>\n",
       "      <td>51.3</td>\n",
       "      <td>38</td>\n",
       "      <td>0.88</td>\n",
       "    </tr>\n",
       "    <tr>\n",
       "      <th>2</th>\n",
       "      <td>BULS1H</td>\n",
       "      <td>Wilson</td>\n",
       "      <td>Burn 100 ULS (2017)</td>\n",
       "      <td>100</td>\n",
       "      <td>27.00</td>\n",
       "      <td>281</td>\n",
       "      <td>34.1</td>\n",
       "      <td>288</td>\n",
       "      <td>67</td>\n",
       "      <td>0.273</td>\n",
       "      <td>...</td>\n",
       "      <td>119</td>\n",
       "      <td>158</td>\n",
       "      <td>21/2-effort</td>\n",
       "      <td>68.2</td>\n",
       "      <td>1579</td>\n",
       "      <td>3.4</td>\n",
       "      <td>65.2</td>\n",
       "      <td>51.0</td>\n",
       "      <td>39</td>\n",
       "      <td>0.87</td>\n",
       "    </tr>\n",
       "    <tr>\n",
       "      <th>3</th>\n",
       "      <td>YEZLLG</td>\n",
       "      <td>Yonex</td>\n",
       "      <td>Ezone Lite</td>\n",
       "      <td>100</td>\n",
       "      <td>27.00</td>\n",
       "      <td>282</td>\n",
       "      <td>33.3</td>\n",
       "      <td>292</td>\n",
       "      <td>64</td>\n",
       "      <td>0.272</td>\n",
       "      <td>...</td>\n",
       "      <td>119</td>\n",
       "      <td>156</td>\n",
       "      <td>21/2-effort</td>\n",
       "      <td>68.1</td>\n",
       "      <td>1579</td>\n",
       "      <td>3.4</td>\n",
       "      <td>65.2</td>\n",
       "      <td>51.0</td>\n",
       "      <td>39</td>\n",
       "      <td>0.87</td>\n",
       "    </tr>\n",
       "    <tr>\n",
       "      <th>4</th>\n",
       "      <td>TPS270</td>\n",
       "      <td>Tecnifibre</td>\n",
       "      <td>T-Flash PS 270</td>\n",
       "      <td>100</td>\n",
       "      <td>27.00</td>\n",
       "      <td>285</td>\n",
       "      <td>34.1</td>\n",
       "      <td>293</td>\n",
       "      <td>69</td>\n",
       "      <td>0.271</td>\n",
       "      <td>...</td>\n",
       "      <td>119</td>\n",
       "      <td>160</td>\n",
       "      <td>21/2-effort</td>\n",
       "      <td>67.8</td>\n",
       "      <td>1570</td>\n",
       "      <td>3.5</td>\n",
       "      <td>64.9</td>\n",
       "      <td>50.7</td>\n",
       "      <td>39</td>\n",
       "      <td>0.87</td>\n",
       "    </tr>\n",
       "    <tr>\n",
       "      <th>...</th>\n",
       "      <td>...</td>\n",
       "      <td>...</td>\n",
       "      <td>...</td>\n",
       "      <td>...</td>\n",
       "      <td>...</td>\n",
       "      <td>...</td>\n",
       "      <td>...</td>\n",
       "      <td>...</td>\n",
       "      <td>...</td>\n",
       "      <td>...</td>\n",
       "      <td>...</td>\n",
       "      <td>...</td>\n",
       "      <td>...</td>\n",
       "      <td>...</td>\n",
       "      <td>...</td>\n",
       "      <td>...</td>\n",
       "      <td>...</td>\n",
       "      <td>...</td>\n",
       "      <td>...</td>\n",
       "      <td>...</td>\n",
       "      <td>...</td>\n",
       "    </tr>\n",
       "    <tr>\n",
       "      <th>176</th>\n",
       "      <td>YEZ98T</td>\n",
       "      <td>Yonex</td>\n",
       "      <td>EZONE 98 Tour</td>\n",
       "      <td>98</td>\n",
       "      <td>27.00</td>\n",
       "      <td>332</td>\n",
       "      <td>33.0</td>\n",
       "      <td>330</td>\n",
       "      <td>62</td>\n",
       "      <td>0.320</td>\n",
       "      <td>...</td>\n",
       "      <td>134</td>\n",
       "      <td>141</td>\n",
       "      <td>21/2-effort</td>\n",
       "      <td>66.2</td>\n",
       "      <td>1502</td>\n",
       "      <td>2.9</td>\n",
       "      <td>66.3</td>\n",
       "      <td>49.2</td>\n",
       "      <td>43</td>\n",
       "      <td>0.83</td>\n",
       "    </tr>\n",
       "    <tr>\n",
       "      <th>177</th>\n",
       "      <td>320HD7</td>\n",
       "      <td>Yonex</td>\n",
       "      <td>VCORE Pro 97D</td>\n",
       "      <td>97</td>\n",
       "      <td>27.00</td>\n",
       "      <td>340</td>\n",
       "      <td>32.0</td>\n",
       "      <td>330</td>\n",
       "      <td>61</td>\n",
       "      <td>0.322</td>\n",
       "      <td>...</td>\n",
       "      <td>135</td>\n",
       "      <td>125</td>\n",
       "      <td>21/2-effort</td>\n",
       "      <td>66.3</td>\n",
       "      <td>1505</td>\n",
       "      <td>2.9</td>\n",
       "      <td>66.5</td>\n",
       "      <td>49.2</td>\n",
       "      <td>43</td>\n",
       "      <td>0.83</td>\n",
       "    </tr>\n",
       "    <tr>\n",
       "      <th>178</th>\n",
       "      <td>MXG7</td>\n",
       "      <td>Head</td>\n",
       "      <td>MxG7</td>\n",
       "      <td>115</td>\n",
       "      <td>27.60</td>\n",
       "      <td>281</td>\n",
       "      <td>37.0</td>\n",
       "      <td>318</td>\n",
       "      <td>69</td>\n",
       "      <td>0.320</td>\n",
       "      <td>...</td>\n",
       "      <td>134</td>\n",
       "      <td>159</td>\n",
       "      <td>21/2-effort</td>\n",
       "      <td>66.8</td>\n",
       "      <td>1523</td>\n",
       "      <td>2.9</td>\n",
       "      <td>66.9</td>\n",
       "      <td>49.6</td>\n",
       "      <td>43</td>\n",
       "      <td>0.83</td>\n",
       "    </tr>\n",
       "    <tr>\n",
       "      <th>179</th>\n",
       "      <td>LM8</td>\n",
       "      <td>Head</td>\n",
       "      <td>Liquid Metal 8 OS</td>\n",
       "      <td>112</td>\n",
       "      <td>27.25</td>\n",
       "      <td>280</td>\n",
       "      <td>36.2</td>\n",
       "      <td>322</td>\n",
       "      <td>63</td>\n",
       "      <td>0.319</td>\n",
       "      <td>...</td>\n",
       "      <td>132</td>\n",
       "      <td>143</td>\n",
       "      <td>21/2-effort</td>\n",
       "      <td>66.8</td>\n",
       "      <td>1524</td>\n",
       "      <td>2.9</td>\n",
       "      <td>66.8</td>\n",
       "      <td>49.7</td>\n",
       "      <td>42</td>\n",
       "      <td>0.83</td>\n",
       "    </tr>\n",
       "    <tr>\n",
       "      <th>180</th>\n",
       "      <td>PS1619</td>\n",
       "      <td>Babolat</td>\n",
       "      <td>Pure Strike 16x19 3rd Gen</td>\n",
       "      <td>98</td>\n",
       "      <td>27.00</td>\n",
       "      <td>323</td>\n",
       "      <td>33.0</td>\n",
       "      <td>327</td>\n",
       "      <td>66</td>\n",
       "      <td>0.317</td>\n",
       "      <td>...</td>\n",
       "      <td>134</td>\n",
       "      <td>147</td>\n",
       "      <td>21/2-effort</td>\n",
       "      <td>66.4</td>\n",
       "      <td>1511</td>\n",
       "      <td>2.9</td>\n",
       "      <td>66.3</td>\n",
       "      <td>49.4</td>\n",
       "      <td>43</td>\n",
       "      <td>0.83</td>\n",
       "    </tr>\n",
       "  </tbody>\n",
       "</table>\n",
       "<p>181 rows × 24 columns</p>\n",
       "</div>"
      ],
      "text/plain": [
       "      pcode         mfg                    racquet  headsize  length  weight  \\\n",
       "0       VS5       Volkl                  V-Sense 5       100   27.00     276   \n",
       "1    U100UL      Wilson                Ultra 100UL       100   27.00     270   \n",
       "2    BULS1H      Wilson        Burn 100 ULS (2017)       100   27.00     281   \n",
       "3    YEZLLG       Yonex                 Ezone Lite       100   27.00     282   \n",
       "4    TPS270  Tecnifibre             T-Flash PS 270       100   27.00     285   \n",
       "..      ...         ...                        ...       ...     ...     ...   \n",
       "176  YEZ98T       Yonex              EZONE 98 Tour        98   27.00     332   \n",
       "177  320HD7       Yonex              VCORE Pro 97D        97   27.00     340   \n",
       "178    MXG7        Head                       MxG7       115   27.60     281   \n",
       "179     LM8        Head          Liquid Metal 8 OS       112   27.25     280   \n",
       "180  PS1619     Babolat  Pure Strike 16x19 3rd Gen        98   27.00     323   \n",
       "\n",
       "     balance  swingweight  flex   acor  ...  hittingweight vibration  \\\n",
       "0       33.5          281    70  0.255  ...            114       164   \n",
       "1       34.0          283    68  0.260  ...            116       164   \n",
       "2       34.1          288    67  0.273  ...            119       158   \n",
       "3       33.3          292    64  0.272  ...            119       156   \n",
       "4       34.1          293    69  0.271  ...            119       160   \n",
       "..       ...          ...   ...    ...  ...            ...       ...   \n",
       "176     33.0          330    62  0.320  ...            134       141   \n",
       "177     32.0          330    61  0.322  ...            135       125   \n",
       "178     37.0          318    69  0.320  ...            134       159   \n",
       "179     36.2          322    63  0.319  ...            132       143   \n",
       "180     33.0          327    66  0.317  ...            134       147   \n",
       "\n",
       "          filter  distance  spin angle shotspeed swingspeed plow  time  \n",
       "0    21/2-effort      68.5  1596   3.6      64.5       51.4   37  0.89  \n",
       "1    21/2-effort      68.5  1595   3.6      64.8       51.3   38  0.88  \n",
       "2    21/2-effort      68.2  1579   3.4      65.2       51.0   39  0.87  \n",
       "3    21/2-effort      68.1  1579   3.4      65.2       51.0   39  0.87  \n",
       "4    21/2-effort      67.8  1570   3.5      64.9       50.7   39  0.87  \n",
       "..           ...       ...   ...   ...       ...        ...  ...   ...  \n",
       "176  21/2-effort      66.2  1502   2.9      66.3       49.2   43  0.83  \n",
       "177  21/2-effort      66.3  1505   2.9      66.5       49.2   43  0.83  \n",
       "178  21/2-effort      66.8  1523   2.9      66.9       49.6   43  0.83  \n",
       "179  21/2-effort      66.8  1524   2.9      66.8       49.7   42  0.83  \n",
       "180  21/2-effort      66.4  1511   2.9      66.3       49.4   43  0.83  \n",
       "\n",
       "[181 rows x 24 columns]"
      ]
     },
     "execution_count": 5,
     "metadata": {},
     "output_type": "execute_result"
    }
   ],
   "source": [
    "df = pd.DataFrame(racquet_data)\n",
    "normal_length_racquets = df#[df['length']==27.0]\n",
    "normal_length_racquets"
   ]
  },
  {
   "cell_type": "code",
   "execution_count": 6,
   "metadata": {},
   "outputs": [
    {
     "data": {
      "text/html": [
       "<div>\n",
       "<style scoped>\n",
       "    .dataframe tbody tr th:only-of-type {\n",
       "        vertical-align: middle;\n",
       "    }\n",
       "\n",
       "    .dataframe tbody tr th {\n",
       "        vertical-align: top;\n",
       "    }\n",
       "\n",
       "    .dataframe thead th {\n",
       "        text-align: right;\n",
       "    }\n",
       "</style>\n",
       "<table border=\"1\" class=\"dataframe\">\n",
       "  <thead>\n",
       "    <tr style=\"text-align: right;\">\n",
       "      <th></th>\n",
       "      <th>headsize</th>\n",
       "      <th>length</th>\n",
       "      <th>weight</th>\n",
       "      <th>balance</th>\n",
       "      <th>swingweight</th>\n",
       "      <th>flex</th>\n",
       "      <th>acor</th>\n",
       "      <th>sweet</th>\n",
       "      <th>twistweight</th>\n",
       "      <th>hittingweight</th>\n",
       "    </tr>\n",
       "  </thead>\n",
       "  <tbody>\n",
       "    <tr>\n",
       "      <th>headsize</th>\n",
       "      <td>1.000000</td>\n",
       "      <td>0.723444</td>\n",
       "      <td>-0.599071</td>\n",
       "      <td>0.746680</td>\n",
       "      <td>-0.181161</td>\n",
       "      <td>0.136140</td>\n",
       "      <td>0.070443</td>\n",
       "      <td>-0.044355</td>\n",
       "      <td>0.550930</td>\n",
       "      <td>0.082577</td>\n",
       "    </tr>\n",
       "    <tr>\n",
       "      <th>length</th>\n",
       "      <td>0.723444</td>\n",
       "      <td>1.000000</td>\n",
       "      <td>-0.383507</td>\n",
       "      <td>0.602687</td>\n",
       "      <td>0.123205</td>\n",
       "      <td>0.232750</td>\n",
       "      <td>0.223171</td>\n",
       "      <td>0.155876</td>\n",
       "      <td>0.338131</td>\n",
       "      <td>0.230702</td>\n",
       "    </tr>\n",
       "    <tr>\n",
       "      <th>weight</th>\n",
       "      <td>-0.599071</td>\n",
       "      <td>-0.383507</td>\n",
       "      <td>1.000000</td>\n",
       "      <td>-0.824583</td>\n",
       "      <td>0.686733</td>\n",
       "      <td>-0.244858</td>\n",
       "      <td>0.548516</td>\n",
       "      <td>0.599594</td>\n",
       "      <td>0.031961</td>\n",
       "      <td>0.560387</td>\n",
       "    </tr>\n",
       "    <tr>\n",
       "      <th>balance</th>\n",
       "      <td>0.746680</td>\n",
       "      <td>0.602687</td>\n",
       "      <td>-0.824583</td>\n",
       "      <td>1.000000</td>\n",
       "      <td>-0.296579</td>\n",
       "      <td>0.294544</td>\n",
       "      <td>-0.126449</td>\n",
       "      <td>-0.210071</td>\n",
       "      <td>0.244697</td>\n",
       "      <td>-0.132165</td>\n",
       "    </tr>\n",
       "    <tr>\n",
       "      <th>swingweight</th>\n",
       "      <td>-0.181161</td>\n",
       "      <td>0.123205</td>\n",
       "      <td>0.686733</td>\n",
       "      <td>-0.296579</td>\n",
       "      <td>1.000000</td>\n",
       "      <td>-0.150478</td>\n",
       "      <td>0.899281</td>\n",
       "      <td>0.915432</td>\n",
       "      <td>0.301626</td>\n",
       "      <td>0.913521</td>\n",
       "    </tr>\n",
       "    <tr>\n",
       "      <th>flex</th>\n",
       "      <td>0.136140</td>\n",
       "      <td>0.232750</td>\n",
       "      <td>-0.244858</td>\n",
       "      <td>0.294544</td>\n",
       "      <td>-0.150478</td>\n",
       "      <td>1.000000</td>\n",
       "      <td>-0.107462</td>\n",
       "      <td>-0.087778</td>\n",
       "      <td>0.008252</td>\n",
       "      <td>-0.099469</td>\n",
       "    </tr>\n",
       "    <tr>\n",
       "      <th>acor</th>\n",
       "      <td>0.070443</td>\n",
       "      <td>0.223171</td>\n",
       "      <td>0.548516</td>\n",
       "      <td>-0.126449</td>\n",
       "      <td>0.899281</td>\n",
       "      <td>-0.107462</td>\n",
       "      <td>1.000000</td>\n",
       "      <td>0.953856</td>\n",
       "      <td>0.649407</td>\n",
       "      <td>0.984295</td>\n",
       "    </tr>\n",
       "    <tr>\n",
       "      <th>sweet</th>\n",
       "      <td>-0.044355</td>\n",
       "      <td>0.155876</td>\n",
       "      <td>0.599594</td>\n",
       "      <td>-0.210071</td>\n",
       "      <td>0.915432</td>\n",
       "      <td>-0.087778</td>\n",
       "      <td>0.953856</td>\n",
       "      <td>1.000000</td>\n",
       "      <td>0.514561</td>\n",
       "      <td>0.938006</td>\n",
       "    </tr>\n",
       "    <tr>\n",
       "      <th>twistweight</th>\n",
       "      <td>0.550930</td>\n",
       "      <td>0.338131</td>\n",
       "      <td>0.031961</td>\n",
       "      <td>0.244697</td>\n",
       "      <td>0.301626</td>\n",
       "      <td>0.008252</td>\n",
       "      <td>0.649407</td>\n",
       "      <td>0.514561</td>\n",
       "      <td>1.000000</td>\n",
       "      <td>0.656235</td>\n",
       "    </tr>\n",
       "    <tr>\n",
       "      <th>hittingweight</th>\n",
       "      <td>0.082577</td>\n",
       "      <td>0.230702</td>\n",
       "      <td>0.560387</td>\n",
       "      <td>-0.132165</td>\n",
       "      <td>0.913521</td>\n",
       "      <td>-0.099469</td>\n",
       "      <td>0.984295</td>\n",
       "      <td>0.938006</td>\n",
       "      <td>0.656235</td>\n",
       "      <td>1.000000</td>\n",
       "    </tr>\n",
       "  </tbody>\n",
       "</table>\n",
       "</div>"
      ],
      "text/plain": [
       "               headsize    length    weight   balance  swingweight      flex  \\\n",
       "headsize       1.000000  0.723444 -0.599071  0.746680    -0.181161  0.136140   \n",
       "length         0.723444  1.000000 -0.383507  0.602687     0.123205  0.232750   \n",
       "weight        -0.599071 -0.383507  1.000000 -0.824583     0.686733 -0.244858   \n",
       "balance        0.746680  0.602687 -0.824583  1.000000    -0.296579  0.294544   \n",
       "swingweight   -0.181161  0.123205  0.686733 -0.296579     1.000000 -0.150478   \n",
       "flex           0.136140  0.232750 -0.244858  0.294544    -0.150478  1.000000   \n",
       "acor           0.070443  0.223171  0.548516 -0.126449     0.899281 -0.107462   \n",
       "sweet         -0.044355  0.155876  0.599594 -0.210071     0.915432 -0.087778   \n",
       "twistweight    0.550930  0.338131  0.031961  0.244697     0.301626  0.008252   \n",
       "hittingweight  0.082577  0.230702  0.560387 -0.132165     0.913521 -0.099469   \n",
       "\n",
       "                   acor     sweet  twistweight  hittingweight  \n",
       "headsize       0.070443 -0.044355     0.550930       0.082577  \n",
       "length         0.223171  0.155876     0.338131       0.230702  \n",
       "weight         0.548516  0.599594     0.031961       0.560387  \n",
       "balance       -0.126449 -0.210071     0.244697      -0.132165  \n",
       "swingweight    0.899281  0.915432     0.301626       0.913521  \n",
       "flex          -0.107462 -0.087778     0.008252      -0.099469  \n",
       "acor           1.000000  0.953856     0.649407       0.984295  \n",
       "sweet          0.953856  1.000000     0.514561       0.938006  \n",
       "twistweight    0.649407  0.514561     1.000000       0.656235  \n",
       "hittingweight  0.984295  0.938006     0.656235       1.000000  "
      ]
     },
     "execution_count": 6,
     "metadata": {},
     "output_type": "execute_result"
    }
   ],
   "source": [
    "df.corr('pearson')"
   ]
  },
  {
   "cell_type": "code",
   "execution_count": 7,
   "metadata": {},
   "outputs": [
    {
     "data": {
      "text/html": [
       "<div>\n",
       "<style scoped>\n",
       "    .dataframe tbody tr th:only-of-type {\n",
       "        vertical-align: middle;\n",
       "    }\n",
       "\n",
       "    .dataframe tbody tr th {\n",
       "        vertical-align: top;\n",
       "    }\n",
       "\n",
       "    .dataframe thead th {\n",
       "        text-align: right;\n",
       "    }\n",
       "</style>\n",
       "<table border=\"1\" class=\"dataframe\">\n",
       "  <thead>\n",
       "    <tr style=\"text-align: right;\">\n",
       "      <th></th>\n",
       "      <th>headsize</th>\n",
       "      <th>length</th>\n",
       "      <th>weight</th>\n",
       "      <th>balance</th>\n",
       "      <th>swingweight</th>\n",
       "      <th>flex</th>\n",
       "      <th>acor</th>\n",
       "      <th>sweet</th>\n",
       "      <th>twistweight</th>\n",
       "      <th>hittingweight</th>\n",
       "    </tr>\n",
       "  </thead>\n",
       "  <tbody>\n",
       "    <tr>\n",
       "      <th>headsize</th>\n",
       "      <td>1.000000</td>\n",
       "      <td>0.544682</td>\n",
       "      <td>-0.579660</td>\n",
       "      <td>0.532460</td>\n",
       "      <td>-0.278286</td>\n",
       "      <td>0.207810</td>\n",
       "      <td>0.004165</td>\n",
       "      <td>-0.111226</td>\n",
       "      <td>0.460686</td>\n",
       "      <td>0.014621</td>\n",
       "    </tr>\n",
       "    <tr>\n",
       "      <th>length</th>\n",
       "      <td>0.544682</td>\n",
       "      <td>1.000000</td>\n",
       "      <td>-0.308605</td>\n",
       "      <td>0.453198</td>\n",
       "      <td>0.073067</td>\n",
       "      <td>0.220969</td>\n",
       "      <td>0.254447</td>\n",
       "      <td>0.167718</td>\n",
       "      <td>0.387580</td>\n",
       "      <td>0.256845</td>\n",
       "    </tr>\n",
       "    <tr>\n",
       "      <th>weight</th>\n",
       "      <td>-0.579660</td>\n",
       "      <td>-0.308605</td>\n",
       "      <td>1.000000</td>\n",
       "      <td>-0.804170</td>\n",
       "      <td>0.705995</td>\n",
       "      <td>-0.321070</td>\n",
       "      <td>0.528233</td>\n",
       "      <td>0.590749</td>\n",
       "      <td>0.042469</td>\n",
       "      <td>0.536721</td>\n",
       "    </tr>\n",
       "    <tr>\n",
       "      <th>balance</th>\n",
       "      <td>0.532460</td>\n",
       "      <td>0.453198</td>\n",
       "      <td>-0.804170</td>\n",
       "      <td>1.000000</td>\n",
       "      <td>-0.372815</td>\n",
       "      <td>0.369001</td>\n",
       "      <td>-0.174672</td>\n",
       "      <td>-0.265760</td>\n",
       "      <td>0.147703</td>\n",
       "      <td>-0.179271</td>\n",
       "    </tr>\n",
       "    <tr>\n",
       "      <th>swingweight</th>\n",
       "      <td>-0.278286</td>\n",
       "      <td>0.073067</td>\n",
       "      <td>0.705995</td>\n",
       "      <td>-0.372815</td>\n",
       "      <td>1.000000</td>\n",
       "      <td>-0.205371</td>\n",
       "      <td>0.872251</td>\n",
       "      <td>0.891383</td>\n",
       "      <td>0.315284</td>\n",
       "      <td>0.883693</td>\n",
       "    </tr>\n",
       "    <tr>\n",
       "      <th>flex</th>\n",
       "      <td>0.207810</td>\n",
       "      <td>0.220969</td>\n",
       "      <td>-0.321070</td>\n",
       "      <td>0.369001</td>\n",
       "      <td>-0.205371</td>\n",
       "      <td>1.000000</td>\n",
       "      <td>-0.109569</td>\n",
       "      <td>-0.115269</td>\n",
       "      <td>0.039960</td>\n",
       "      <td>-0.100604</td>\n",
       "    </tr>\n",
       "    <tr>\n",
       "      <th>acor</th>\n",
       "      <td>0.004165</td>\n",
       "      <td>0.254447</td>\n",
       "      <td>0.528233</td>\n",
       "      <td>-0.174672</td>\n",
       "      <td>0.872251</td>\n",
       "      <td>-0.109569</td>\n",
       "      <td>1.000000</td>\n",
       "      <td>0.948261</td>\n",
       "      <td>0.682405</td>\n",
       "      <td>0.984932</td>\n",
       "    </tr>\n",
       "    <tr>\n",
       "      <th>sweet</th>\n",
       "      <td>-0.111226</td>\n",
       "      <td>0.167718</td>\n",
       "      <td>0.590749</td>\n",
       "      <td>-0.265760</td>\n",
       "      <td>0.891383</td>\n",
       "      <td>-0.115269</td>\n",
       "      <td>0.948261</td>\n",
       "      <td>1.000000</td>\n",
       "      <td>0.556640</td>\n",
       "      <td>0.935083</td>\n",
       "    </tr>\n",
       "    <tr>\n",
       "      <th>twistweight</th>\n",
       "      <td>0.460686</td>\n",
       "      <td>0.387580</td>\n",
       "      <td>0.042469</td>\n",
       "      <td>0.147703</td>\n",
       "      <td>0.315284</td>\n",
       "      <td>0.039960</td>\n",
       "      <td>0.682405</td>\n",
       "      <td>0.556640</td>\n",
       "      <td>1.000000</td>\n",
       "      <td>0.685840</td>\n",
       "    </tr>\n",
       "    <tr>\n",
       "      <th>hittingweight</th>\n",
       "      <td>0.014621</td>\n",
       "      <td>0.256845</td>\n",
       "      <td>0.536721</td>\n",
       "      <td>-0.179271</td>\n",
       "      <td>0.883693</td>\n",
       "      <td>-0.100604</td>\n",
       "      <td>0.984932</td>\n",
       "      <td>0.935083</td>\n",
       "      <td>0.685840</td>\n",
       "      <td>1.000000</td>\n",
       "    </tr>\n",
       "  </tbody>\n",
       "</table>\n",
       "</div>"
      ],
      "text/plain": [
       "               headsize    length    weight   balance  swingweight      flex  \\\n",
       "headsize       1.000000  0.544682 -0.579660  0.532460    -0.278286  0.207810   \n",
       "length         0.544682  1.000000 -0.308605  0.453198     0.073067  0.220969   \n",
       "weight        -0.579660 -0.308605  1.000000 -0.804170     0.705995 -0.321070   \n",
       "balance        0.532460  0.453198 -0.804170  1.000000    -0.372815  0.369001   \n",
       "swingweight   -0.278286  0.073067  0.705995 -0.372815     1.000000 -0.205371   \n",
       "flex           0.207810  0.220969 -0.321070  0.369001    -0.205371  1.000000   \n",
       "acor           0.004165  0.254447  0.528233 -0.174672     0.872251 -0.109569   \n",
       "sweet         -0.111226  0.167718  0.590749 -0.265760     0.891383 -0.115269   \n",
       "twistweight    0.460686  0.387580  0.042469  0.147703     0.315284  0.039960   \n",
       "hittingweight  0.014621  0.256845  0.536721 -0.179271     0.883693 -0.100604   \n",
       "\n",
       "                   acor     sweet  twistweight  hittingweight  \n",
       "headsize       0.004165 -0.111226     0.460686       0.014621  \n",
       "length         0.254447  0.167718     0.387580       0.256845  \n",
       "weight         0.528233  0.590749     0.042469       0.536721  \n",
       "balance       -0.174672 -0.265760     0.147703      -0.179271  \n",
       "swingweight    0.872251  0.891383     0.315284       0.883693  \n",
       "flex          -0.109569 -0.115269     0.039960      -0.100604  \n",
       "acor           1.000000  0.948261     0.682405       0.984932  \n",
       "sweet          0.948261  1.000000     0.556640       0.935083  \n",
       "twistweight    0.682405  0.556640     1.000000       0.685840  \n",
       "hittingweight  0.984932  0.935083     0.685840       1.000000  "
      ]
     },
     "execution_count": 7,
     "metadata": {},
     "output_type": "execute_result"
    }
   ],
   "source": [
    "df.corr('spearman')"
   ]
  },
  {
   "cell_type": "code",
   "execution_count": 8,
   "metadata": {},
   "outputs": [],
   "source": [
    "X = normal_length_racquets[['length','flex','weight', 'balance']]\n",
    "y = normal_length_racquets['swingweight']\n",
    "\n",
    "# X_train_mean = X.mean()\n",
    "# X_train_sd = X.std()\n",
    "\n",
    "# y_train_mean = y.mean()\n",
    "# y_train_sd = y.std()\n",
    "\n",
    "# X = (X - X.mean())/X.std()\n",
    "# y = (y - y.mean())/y.std()"
   ]
  },
  {
   "cell_type": "code",
   "execution_count": 9,
   "metadata": {},
   "outputs": [
    {
     "name": "stdout",
     "output_type": "stream",
     "text": [
      "[0.96773561 0.03113927 0.00106929]\n"
     ]
    }
   ],
   "source": [
    "from sklearn.decomposition import PCA\n",
    "pca = PCA(n_components=3).fit(X)\n",
    "print(pca.explained_variance_ratio_)\n",
    "\n"
   ]
  },
  {
   "cell_type": "code",
   "execution_count": 10,
   "metadata": {},
   "outputs": [],
   "source": [
    "import seaborn as sns\n",
    "import matplotlib.pyplot as plt\n",
    "%matplotlib inline\n",
    "\n",
    "\n",
    "seaborn_data = pd.concat([X,y], axis=1)"
   ]
  },
  {
   "cell_type": "code",
   "execution_count": 11,
   "metadata": {},
   "outputs": [
    {
     "data": {
