{
 "cells": [
  {
   "cell_type": "code",
   "execution_count": 1,
   "metadata": {},
   "outputs": [],
   "source": [
    "import json\n",
    "import pandas as pd"
   ]
  },
  {
   "cell_type": "code",
   "execution_count": 2,
   "metadata": {},
   "outputs": [],
   "source": [
    "with open(\"rackets_full.json\", \"r\") as f:  \n",
    "    data = json.load(f)\n",
    "    "
   ]
  },
  {
   "cell_type": "code",
   "execution_count": 3,
   "metadata": {},
   "outputs": [],
   "source": [
    "log_data_entries = data['log']['entries']\n",
    "racquet_data = []\n",
    "\n",
    "for ele in log_data_entries:\n",
    "    text_response = ele['response']['content']['text']\n",
    "    if text_response[:10] == '{\"pcode\":\"':\n",
    "        racquet_data.append(json.loads(text_response))\n",
    "\n"
   ]
  },
  {
   "cell_type": "code",
   "execution_count": 4,
   "metadata": {},
   "outputs": [
    {
     "data": {
      "text/plain": [
       "Index(['pcode', 'mfg', 'racquet', 'headsize', 'length', 'weight', 'balance',\n",
       "       'swingweight', 'flex', 'acor', 'sweet', 'rccode', 'current',\n",
       "       'twistweight', 'hittingweight', 'vibration', 'filter', 'distance',\n",
       "       'spin', 'angle', 'shotspeed', 'swingspeed', 'plow', 'time'],\n",
       "      dtype='object')"
      ]
     },
     "execution_count": 4,
     "metadata": {},
     "output_type": "execute_result"
    }
   ],
   "source": [
    "df = pd.DataFrame(racquet_data)\n",
    "df.columns"
   ]
  },
  {
   "cell_type": "code",
   "execution_count": 5,
   "metadata": {},
   "outputs": [
    {
     "data": {
      "text/html": [
       "<div>\n",
       "<style scoped>\n",
       "    .dataframe tbody tr th:only-of-type {\n",
       "        vertical-align: middle;\n",
       "    }\n",
       "\n",
       "    .dataframe tbody tr th {\n",
       "        vertical-align: top;\n",
       "    }\n",
       "\n",
       "    .dataframe thead th {\n",
       "        text-align: right;\n",
       "    }\n",
       "</style>\n",
       "<table border=\"1\" class=\"dataframe\">\n",
       "  <thead>\n",
       "    <tr style=\"text-align: right;\">\n",
       "      <th></th>\n",
       "      <th>index</th>\n",
       "      <th>pcode</th>\n",
       "      <th>mfg</th>\n",
       "      <th>racquet</th>\n",
       "      <th>headsize</th>\n",
       "      <th>length</th>\n",
       "      <th>weight</th>\n",
       "      <th>balance</th>\n",
       "      <th>swingweight</th>\n",
       "      <th>flex</th>\n",
       "      <th>...</th>\n",
       "      <th>hittingweight</th>\n",
       "      <th>vibration</th>\n",
       "      <th>filter</th>\n",
       "      <th>distance</th>\n",
       "      <th>spin</th>\n",
       "      <th>angle</th>\n",
       "      <th>shotspeed</th>\n",
       "      <th>swingspeed</th>\n",
       "      <th>plow</th>\n",
       "      <th>time</th>\n",
       "    </tr>\n",
       "  </thead>\n",
       "  <tbody>\n",
       "    <tr>\n",
       "      <th>0</th>\n",
       "      <td>0</td>\n",
       "      <td>VS5</td>\n",
       "      <td>Volkl</td>\n",
       "      <td>V-Sense 5</td>\n",
       "      <td>100</td>\n",
       "      <td>27.0</td>\n",
       "      <td>276</td>\n",
       "      <td>33.5</td>\n",
       "      <td>281</td>\n",
       "      <td>70</td>\n",
       "      <td>...</td>\n",
       "      <td>114</td>\n",
       "      <td>164</td>\n",
       "      <td>21/2-effort</td>\n",
       "      <td>68.5</td>\n",
       "      <td>1596</td>\n",
       "      <td>3.6</td>\n",
       "      <td>64.5</td>\n",
       "      <td>51.4</td>\n",
       "      <td>37</td>\n",
       "      <td>0.89</td>\n",
       "    </tr>\n",
       "    <tr>\n",
       "      <th>1</th>\n",
       "      <td>1</td>\n",
       "      <td>U100UL</td>\n",
       "      <td>Wilson</td>\n",
       "      <td>Ultra 100UL</td>\n",
       "      <td>100</td>\n",
       "      <td>27.0</td>\n",
       "      <td>270</td>\n",
       "      <td>34.0</td>\n",
       "      <td>283</td>\n",
       "      <td>68</td>\n",
       "      <td>...</td>\n",
       "      <td>116</td>\n",
       "      <td>164</td>\n",
       "      <td>21/2-effort</td>\n",
       "      <td>68.5</td>\n",
       "      <td>1595</td>\n",
       "      <td>3.6</td>\n",
       "      <td>64.8</td>\n",
       "      <td>51.3</td>\n",
       "      <td>38</td>\n",
       "      <td>0.88</td>\n",
       "    </tr>\n",
       "    <tr>\n",
       "      <th>2</th>\n",
       "      <td>2</td>\n",
       "      <td>BULS1H</td>\n",
       "      <td>Wilson</td>\n",
       "      <td>Burn 100 ULS (2017)</td>\n",
       "      <td>100</td>\n",
       "      <td>27.0</td>\n",
       "      <td>281</td>\n",
       "      <td>34.1</td>\n",
       "      <td>288</td>\n",
       "      <td>67</td>\n",
       "      <td>...</td>\n",
       "      <td>119</td>\n",
       "      <td>158</td>\n",
       "      <td>21/2-effort</td>\n",
       "      <td>68.2</td>\n",
       "      <td>1579</td>\n",
       "      <td>3.4</td>\n",
       "      <td>65.2</td>\n",
       "      <td>51.0</td>\n",
       "      <td>39</td>\n",
       "      <td>0.87</td>\n",
       "    </tr>\n",
       "    <tr>\n",
       "      <th>3</th>\n",
       "      <td>3</td>\n",
       "      <td>YEZLLG</td>\n",
       "      <td>Yonex</td>\n",
       "      <td>Ezone Lite</td>\n",
       "      <td>100</td>\n",
       "      <td>27.0</td>\n",
       "      <td>282</td>\n",
       "      <td>33.3</td>\n",
       "      <td>292</td>\n",
       "      <td>64</td>\n",
       "      <td>...</td>\n",
       "      <td>119</td>\n",
       "      <td>156</td>\n",
       "      <td>21/2-effort</td>\n",
       "      <td>68.1</td>\n",
       "      <td>1579</td>\n",
       "      <td>3.4</td>\n",
       "      <td>65.2</td>\n",
       "      <td>51.0</td>\n",
       "      <td>39</td>\n",
       "      <td>0.87</td>\n",
       "    </tr>\n",
       "    <tr>\n",
       "      <th>4</th>\n",
       "      <td>4</td>\n",
       "      <td>TPS270</td>\n",
       "      <td>Tecnifibre</td>\n",
       "      <td>T-Flash PS 270</td>\n",
       "      <td>100</td>\n",
       "      <td>27.0</td>\n",
       "      <td>285</td>\n",
       "      <td>34.1</td>\n",
       "      <td>293</td>\n",
       "      <td>69</td>\n",
       "      <td>...</td>\n",
       "      <td>119</td>\n",
       "      <td>160</td>\n",
       "      <td>21/2-effort</td>\n",
       "      <td>67.8</td>\n",
       "      <td>1570</td>\n",
       "      <td>3.5</td>\n",
       "      <td>64.9</td>\n",
       "      <td>50.7</td>\n",
       "      <td>39</td>\n",
       "      <td>0.87</td>\n",
       "    </tr>\n",
       "  </tbody>\n",
       "</table>\n",
       "<p>5 rows × 25 columns</p>\n",
       "</div>"
      ],
      "text/plain": [
       "   index   pcode         mfg              racquet  headsize  length  weight  \\\n",
       "0      0     VS5       Volkl            V-Sense 5       100    27.0     276   \n",
       "1      1  U100UL      Wilson          Ultra 100UL       100    27.0     270   \n",
       "2      2  BULS1H      Wilson  Burn 100 ULS (2017)       100    27.0     281   \n",
       "3      3  YEZLLG       Yonex           Ezone Lite       100    27.0     282   \n",
       "4      4  TPS270  Tecnifibre       T-Flash PS 270       100    27.0     285   \n",
       "\n",
       "   balance  swingweight  flex  ...  hittingweight  vibration       filter  \\\n",
       "0     33.5          281    70  ...            114        164  21/2-effort   \n",
       "1     34.0          283    68  ...            116        164  21/2-effort   \n",
       "2     34.1          288    67  ...            119        158  21/2-effort   \n",
       "3     33.3          292    64  ...            119        156  21/2-effort   \n",
       "4     34.1          293    69  ...            119        160  21/2-effort   \n",
       "\n",
       "  distance  spin  angle shotspeed swingspeed plow  time  \n",
       "0     68.5  1596    3.6      64.5       51.4   37  0.89  \n",
       "1     68.5  1595    3.6      64.8       51.3   38  0.88  \n",
       "2     68.2  1579    3.4      65.2       51.0   39  0.87  \n",
       "3     68.1  1579    3.4      65.2       51.0   39  0.87  \n",
       "4     67.8  1570    3.5      64.9       50.7   39  0.87  \n",
       "\n",
       "[5 rows x 25 columns]"
      ]
     },
     "execution_count": 5,
     "metadata": {},
     "output_type": "execute_result"
    }
   ],
   "source": [
    "df = df.drop_duplicates().reset_index()\n",
    "df.head()"
   ]
  },
  {
   "cell_type": "code",
   "execution_count": 6,
   "metadata": {},
   "outputs": [
    {
     "data": {
      "text/html": [
       "<div>\n",
       "<style scoped>\n",
       "    .dataframe tbody tr th:only-of-type {\n",
       "        vertical-align: middle;\n",
       "    }\n",
       "\n",
       "    .dataframe tbody tr th {\n",
       "        vertical-align: top;\n",
       "    }\n",
       "\n",
       "    .dataframe thead th {\n",
       "        text-align: right;\n",
       "    }\n",
       "</style>\n",
       "<table border=\"1\" class=\"dataframe\">\n",
       "  <thead>\n",
       "    <tr style=\"text-align: right;\">\n",
       "      <th></th>\n",
       "      <th>index</th>\n",
       "      <th>pcode</th>\n",
       "      <th>mfg</th>\n",
       "      <th>racquet</th>\n",
       "      <th>headsize</th>\n",
       "      <th>length</th>\n",
       "      <th>weight</th>\n",
       "      <th>balance</th>\n",
       "      <th>swingweight</th>\n",
       "      <th>flex</th>\n",
       "      <th>...</th>\n",
       "      <th>hittingweight</th>\n",
       "      <th>vibration</th>\n",
       "      <th>filter</th>\n",
       "      <th>distance</th>\n",
       "      <th>spin</th>\n",
       "      <th>angle</th>\n",
       "      <th>shotspeed</th>\n",
       "      <th>swingspeed</th>\n",
       "      <th>plow</th>\n",
       "      <th>time</th>\n",
       "    </tr>\n",
       "  </thead>\n",
       "  <tbody>\n",
       "    <tr>\n",
       "      <th>0</th>\n",
       "      <td>0</td>\n",
       "      <td>VS5</td>\n",
       "      <td>Volkl</td>\n",
       "      <td>V-Sense 5</td>\n",
       "      <td>100</td>\n",
       "      <td>27.0</td>\n",
       "      <td>276</td>\n",
       "      <td>33.5</td>\n",
       "      <td>281</td>\n",
       "      <td>70</td>\n",
       "      <td>...</td>\n",
       "      <td>114</td>\n",
       "      <td>164</td>\n",
       "      <td>21/2-effort</td>\n",
       "      <td>68.5</td>\n",
       "      <td>1596</td>\n",
       "      <td>3.6</td>\n",
       "      <td>64.5</td>\n",
       "      <td>51.4</td>\n",
       "      <td>37</td>\n",
       "      <td>0.89</td>\n",
       "    </tr>\n",
       "    <tr>\n",
       "      <th>1</th>\n",
       "      <td>1</td>\n",
       "      <td>U100UL</td>\n",
       "      <td>Wilson</td>\n",
       "      <td>Ultra 100UL</td>\n",
       "      <td>100</td>\n",
       "      <td>27.0</td>\n",
       "      <td>270</td>\n",
       "      <td>34.0</td>\n",
       "      <td>283</td>\n",
       "      <td>68</td>\n",
       "      <td>...</td>\n",
       "      <td>116</td>\n",
       "      <td>164</td>\n",
       "      <td>21/2-effort</td>\n",
       "      <td>68.5</td>\n",
       "      <td>1595</td>\n",
       "      <td>3.6</td>\n",
       "      <td>64.8</td>\n",
       "      <td>51.3</td>\n",
       "      <td>38</td>\n",
       "      <td>0.88</td>\n",
       "    </tr>\n",
       "    <tr>\n",
       "      <th>2</th>\n",
       "      <td>2</td>\n",
       "      <td>BULS1H</td>\n",
       "      <td>Wilson</td>\n",
       "      <td>Burn 100 ULS (2017)</td>\n",
       "      <td>100</td>\n",
       "      <td>27.0</td>\n",
       "      <td>281</td>\n",
       "      <td>34.1</td>\n",
       "      <td>288</td>\n",
       "      <td>67</td>\n",
       "      <td>...</td>\n",
       "      <td>119</td>\n",
       "      <td>158</td>\n",
       "      <td>21/2-effort</td>\n",
       "      <td>68.2</td>\n",
       "      <td>1579</td>\n",
       "      <td>3.4</td>\n",
       "      <td>65.2</td>\n",
       "      <td>51.0</td>\n",
       "      <td>39</td>\n",
       "      <td>0.87</td>\n",
       "    </tr>\n",
       "    <tr>\n",
       "      <th>3</th>\n",
       "      <td>3</td>\n",
       "      <td>YEZLLG</td>\n",
       "      <td>Yonex</td>\n",
       "      <td>Ezone Lite</td>\n",
       "      <td>100</td>\n",
       "      <td>27.0</td>\n",
       "      <td>282</td>\n",
       "      <td>33.3</td>\n",
       "      <td>292</td>\n",
       "      <td>64</td>\n",
       "      <td>...</td>\n",
       "      <td>119</td>\n",
       "      <td>156</td>\n",
       "      <td>21/2-effort</td>\n",
       "      <td>68.1</td>\n",
       "      <td>1579</td>\n",
       "      <td>3.4</td>\n",
       "      <td>65.2</td>\n",
       "      <td>51.0</td>\n",
       "      <td>39</td>\n",
       "      <td>0.87</td>\n",
       "    </tr>\n",
       "    <tr>\n",
       "      <th>4</th>\n",
       "      <td>4</td>\n",
       "      <td>TPS270</td>\n",
       "      <td>Tecnifibre</td>\n",
       "      <td>T-Flash PS 270</td>\n",
       "      <td>100</td>\n",
       "      <td>27.0</td>\n",
       "      <td>285</td>\n",
       "      <td>34.1</td>\n",
       "      <td>293</td>\n",
       "      <td>69</td>\n",
       "      <td>...</td>\n",
       "      <td>119</td>\n",
       "      <td>160</td>\n",
       "      <td>21/2-effort</td>\n",
       "      <td>67.8</td>\n",
       "      <td>1570</td>\n",
       "      <td>3.5</td>\n",
       "      <td>64.9</td>\n",
       "      <td>50.7</td>\n",
       "      <td>39</td>\n",
       "      <td>0.87</td>\n",
       "    </tr>\n",
       "    <tr>\n",
       "      <th>...</th>\n",
       "      <td>...</td>\n",
       "      <td>...</td>\n",
       "      <td>...</td>\n",
       "      <td>...</td>\n",
       "      <td>...</td>\n",
       "      <td>...</td>\n",
       "      <td>...</td>\n",
       "      <td>...</td>\n",
       "      <td>...</td>\n",
       "      <td>...</td>\n",
       "      <td>...</td>\n",
       "      <td>...</td>\n",
       "      <td>...</td>\n",
       "      <td>...</td>\n",
       "      <td>...</td>\n",
       "      <td>...</td>\n",
       "      <td>...</td>\n",
       "      <td>...</td>\n",
       "      <td>...</td>\n",
       "      <td>...</td>\n",
       "      <td>...</td>\n",
       "    </tr>\n",
       "    <tr>\n",
       "      <th>256</th>\n",
       "      <td>790</td>\n",
       "      <td>PT95</td>\n",
       "      <td>Prince</td>\n",
       "      <td>Tour 95</td>\n",
       "      <td>95</td>\n",
       "      <td>27.0</td>\n",
       "      <td>345</td>\n",
       "      <td>32.4</td>\n",
       "      <td>337</td>\n",
       "      <td>60</td>\n",
       "      <td>...</td>\n",
       "      <td>136</td>\n",
       "      <td>131</td>\n",
       "      <td>21/2-effort</td>\n",
       "      <td>65.8</td>\n",
       "      <td>1491</td>\n",
       "      <td>2.9</td>\n",
       "      <td>66.2</td>\n",
       "      <td>48.9</td>\n",
       "      <td>43</td>\n",
       "      <td>0.82</td>\n",
       "    </tr>\n",
       "    <tr>\n",
       "      <th>258</th>\n",
       "      <td>852</td>\n",
       "      <td>HG3RMP</td>\n",
       "      <td>Head</td>\n",
       "      <td>Graphene 360 Radical MP</td>\n",
       "      <td>98</td>\n",
       "      <td>27.0</td>\n",
       "      <td>312</td>\n",
       "      <td>32.4</td>\n",
       "      <td>324</td>\n",
       "      <td>68</td>\n",
       "      <td>...</td>\n",
       "      <td>130</td>\n",
       "      <td>152</td>\n",
       "      <td>21/2-effort</td>\n",
       "      <td>66.8</td>\n",
       "      <td>1526</td>\n",
       "      <td>3.1</td>\n",
       "      <td>66.0</td>\n",
       "      <td>49.7</td>\n",
       "      <td>42</td>\n",
       "      <td>0.84</td>\n",
       "    </tr>\n",
       "    <tr>\n",
       "      <th>260</th>\n",
       "      <td>938</td>\n",
       "      <td>HGTRMP</td>\n",
       "      <td>Head</td>\n",
       "      <td>Graphene Touch Radical MP</td>\n",
       "      <td>98</td>\n",
       "      <td>27.0</td>\n",
       "      <td>310</td>\n",
       "      <td>33.0</td>\n",
       "      <td>327</td>\n",
       "      <td>65</td>\n",
       "      <td>...</td>\n",
       "      <td>132</td>\n",
       "      <td>151</td>\n",
       "      <td>21/2-effort</td>\n",
       "      <td>66.6</td>\n",
       "      <td>1519</td>\n",
       "      <td>3.0</td>\n",
       "      <td>66.3</td>\n",
       "      <td>49.6</td>\n",
       "      <td>42</td>\n",
       "      <td>0.84</td>\n",
       "    </tr>\n",
       "    <tr>\n",
       "      <th>261</th>\n",
       "      <td>961</td>\n",
       "      <td>BS0398</td>\n",
       "      <td>Prince</td>\n",
       "      <td>Textreme Beast O3 98</td>\n",
       "      <td>98</td>\n",
       "      <td>27.0</td>\n",
       "      <td>318</td>\n",
       "      <td>32.5</td>\n",
       "      <td>326</td>\n",
       "      <td>69</td>\n",
       "      <td>...</td>\n",
       "      <td>133</td>\n",
       "      <td>155</td>\n",
       "      <td>21/2-effort</td>\n",
       "      <td>66.7</td>\n",
       "      <td>1519</td>\n",
       "      <td>2.9</td>\n",
       "      <td>66.5</td>\n",
       "      <td>49.6</td>\n",
       "      <td>42</td>\n",
       "      <td>0.83</td>\n",
       "    </tr>\n",
       "    <tr>\n",
       "      <th>262</th>\n",
       "      <td>964</td>\n",
       "      <td>BRPDR</td>\n",
       "      <td>Babolat</td>\n",
       "      <td>Pure Drive (2021)</td>\n",
       "      <td>100</td>\n",
       "      <td>27.0</td>\n",
       "      <td>318</td>\n",
       "      <td>33.0</td>\n",
       "      <td>320</td>\n",
       "      <td>71</td>\n",
       "      <td>...</td>\n",
       "      <td>133</td>\n",
       "      <td>161</td>\n",
       "      <td>21/2-effort</td>\n",
       "      <td>66.8</td>\n",
       "      <td>1522</td>\n",
       "      <td>2.9</td>\n",
       "      <td>66.6</td>\n",
       "      <td>49.6</td>\n",
       "      <td>43</td>\n",
       "      <td>0.83</td>\n",
       "    </tr>\n",
       "  </tbody>\n",
       "</table>\n",
       "<p>210 rows × 25 columns</p>\n",
       "</div>"
      ],
      "text/plain": [
       "     index   pcode         mfg                    racquet  headsize  length  \\\n",
       "0        0     VS5       Volkl                  V-Sense 5       100    27.0   \n",
       "1        1  U100UL      Wilson                Ultra 100UL       100    27.0   \n",
       "2        2  BULS1H      Wilson        Burn 100 ULS (2017)       100    27.0   \n",
       "3        3  YEZLLG       Yonex                 Ezone Lite       100    27.0   \n",
       "4        4  TPS270  Tecnifibre             T-Flash PS 270       100    27.0   \n",
       "..     ...     ...         ...                        ...       ...     ...   \n",
       "256    790    PT95      Prince                    Tour 95        95    27.0   \n",
       "258    852  HG3RMP        Head    Graphene 360 Radical MP        98    27.0   \n",
       "260    938  HGTRMP        Head  Graphene Touch Radical MP        98    27.0   \n",
       "261    961  BS0398      Prince       Textreme Beast O3 98        98    27.0   \n",
       "262    964   BRPDR     Babolat          Pure Drive (2021)       100    27.0   \n",
       "\n",
       "     weight  balance  swingweight  flex  ...  hittingweight  vibration  \\\n",
       "0       276     33.5          281    70  ...            114        164   \n",
       "1       270     34.0          283    68  ...            116        164   \n",
       "2       281     34.1          288    67  ...            119        158   \n",
       "3       282     33.3          292    64  ...            119        156   \n",
       "4       285     34.1          293    69  ...            119        160   \n",
       "..      ...      ...          ...   ...  ...            ...        ...   \n",
       "256     345     32.4          337    60  ...            136        131   \n",
       "258     312     32.4          324    68  ...            130        152   \n",
       "260     310     33.0          327    65  ...            132        151   \n",
       "261     318     32.5          326    69  ...            133        155   \n",
       "262     318     33.0          320    71  ...            133        161   \n",
       "\n",
       "          filter distance  spin  angle shotspeed swingspeed plow  time  \n",
       "0    21/2-effort     68.5  1596    3.6      64.5       51.4   37  0.89  \n",
       "1    21/2-effort     68.5  1595    3.6      64.8       51.3   38  0.88  \n",
       "2    21/2-effort     68.2  1579    3.4      65.2       51.0   39  0.87  \n",
       "3    21/2-effort     68.1  1579    3.4      65.2       51.0   39  0.87  \n",
       "4    21/2-effort     67.8  1570    3.5      64.9       50.7   39  0.87  \n",
       "..           ...      ...   ...    ...       ...        ...  ...   ...  \n",
       "256  21/2-effort     65.8  1491    2.9      66.2       48.9   43  0.82  \n",
       "258  21/2-effort     66.8  1526    3.1      66.0       49.7   42  0.84  \n",
       "260  21/2-effort     66.6  1519    3.0      66.3       49.6   42  0.84  \n",
       "261  21/2-effort     66.7  1519    2.9      66.5       49.6   42  0.83  \n",
       "262  21/2-effort     66.8  1522    2.9      66.6       49.6   43  0.83  \n",
       "\n",
       "[210 rows x 25 columns]"
      ]
     },
     "execution_count": 6,
     "metadata": {},
     "output_type": "execute_result"
    }
   ],
   "source": [
    "normal_length_racquets = df[df['length']==27.0]\n",
    "normal_length_racquets"
   ]
  },
  {
   "cell_type": "code",
   "execution_count": 7,
   "metadata": {},
   "outputs": [
    {
     "data": {
      "text/html": [
       "<div>\n",
       "<style scoped>\n",
       "    .dataframe tbody tr th:only-of-type {\n",
       "        vertical-align: middle;\n",
       "    }\n",
       "\n",
       "    .dataframe tbody tr th {\n",
       "        vertical-align: top;\n",
       "    }\n",
       "\n",
       "    .dataframe thead th {\n",
       "        text-align: right;\n",
       "    }\n",
       "</style>\n",
       "<table border=\"1\" class=\"dataframe\">\n",
       "  <thead>\n",
       "    <tr style=\"text-align: right;\">\n",
       "      <th></th>\n",
       "      <th>index</th>\n",
       "      <th>headsize</th>\n",
       "      <th>length</th>\n",
       "      <th>weight</th>\n",
       "      <th>balance</th>\n",
       "      <th>swingweight</th>\n",
       "      <th>flex</th>\n",
       "      <th>acor</th>\n",
       "      <th>sweet</th>\n",
       "      <th>twistweight</th>\n",
       "      <th>hittingweight</th>\n",
       "    </tr>\n",
       "  </thead>\n",
       "  <tbody>\n",
       "    <tr>\n",
       "      <th>index</th>\n",
       "      <td>1.000000</td>\n",
       "      <td>-0.037387</td>\n",
       "      <td>0.109723</td>\n",
       "      <td>0.290374</td>\n",
       "      <td>-0.050027</td>\n",
       "      <td>0.523371</td>\n",
       "      <td>0.107339</td>\n",
       "      <td>0.561581</td>\n",
       "      <td>0.554929</td>\n",
       "      <td>0.289507</td>\n",
       "      <td>0.559557</td>\n",
       "    </tr>\n",
       "    <tr>\n",
       "      <th>headsize</th>\n",
       "      <td>-0.037387</td>\n",
       "      <td>1.000000</td>\n",
       "      <td>0.600280</td>\n",
       "      <td>-0.681726</td>\n",
       "      <td>0.737252</td>\n",
       "      <td>-0.261155</td>\n",
       "      <td>0.168528</td>\n",
       "      <td>0.008073</td>\n",
       "      <td>-0.048670</td>\n",
       "      <td>0.565842</td>\n",
       "      <td>0.003905</td>\n",
       "    </tr>\n",
       "    <tr>\n",
       "      <th>length</th>\n",
       "      <td>0.109723</td>\n",
       "      <td>0.600280</td>\n",
       "      <td>1.000000</td>\n",
       "      <td>-0.310789</td>\n",
       "      <td>0.516151</td>\n",
       "      <td>0.189963</td>\n",
       "      <td>0.149180</td>\n",
       "      <td>0.243743</td>\n",
       "      <td>0.190124</td>\n",
       "      <td>0.242250</td>\n",
       "      <td>0.242054</td>\n",
       "    </tr>\n",
       "    <tr>\n",
       "      <th>weight</th>\n",
       "      <td>0.290374</td>\n",
       "      <td>-0.681726</td>\n",
       "      <td>-0.310789</td>\n",
       "      <td>1.000000</td>\n",
       "      <td>-0.825035</td>\n",
       "      <td>0.680991</td>\n",
       "      <td>-0.221797</td>\n",
       "      <td>0.522982</td>\n",
       "      <td>0.529606</td>\n",
       "      <td>-0.099287</td>\n",
       "      <td>0.534820</td>\n",
       "    </tr>\n",
       "    <tr>\n",
       "      <th>balance</th>\n",
       "      <td>-0.050027</td>\n",
       "      <td>0.737252</td>\n",
       "      <td>0.516151</td>\n",
       "      <td>-0.825035</td>\n",
       "      <td>1.000000</td>\n",
       "      <td>-0.288224</td>\n",
       "      <td>0.267335</td>\n",
       "      <td>-0.110172</td>\n",
       "      <td>-0.150735</td>\n",
       "      <td>0.299982</td>\n",
       "      <td>-0.118649</td>\n",
       "    </tr>\n",
       "    <tr>\n",
       "      <th>swingweight</th>\n",
       "      <td>0.523371</td>\n",
       "      <td>-0.261155</td>\n",
       "      <td>0.189963</td>\n",
       "      <td>0.680991</td>\n",
       "      <td>-0.288224</td>\n",
       "      <td>1.000000</td>\n",
       "      <td>-0.137516</td>\n",
       "      <td>0.904457</td>\n",
       "      <td>0.884469</td>\n",
       "      <td>0.195792</td>\n",
       "      <td>0.911336</td>\n",
       "    </tr>\n",
       "    <tr>\n",
       "      <th>flex</th>\n",
       "      <td>0.107339</td>\n",
       "      <td>0.168528</td>\n",
       "      <td>0.149180</td>\n",
       "      <td>-0.221797</td>\n",
       "      <td>0.267335</td>\n",
       "      <td>-0.137516</td>\n",
       "      <td>1.000000</td>\n",
       "      <td>-0.053387</td>\n",
       "      <td>-0.001273</td>\n",
       "      <td>0.119537</td>\n",
       "      <td>-0.047643</td>\n",
       "    </tr>\n",
       "    <tr>\n",
       "      <th>acor</th>\n",
       "      <td>0.561581</td>\n",
       "      <td>0.008073</td>\n",
       "      <td>0.243743</td>\n",
       "      <td>0.522982</td>\n",
       "      <td>-0.110172</td>\n",
       "      <td>0.904457</td>\n",
       "      <td>-0.053387</td>\n",
       "      <td>1.000000</td>\n",
       "      <td>0.941788</td>\n",
       "      <td>0.566890</td>\n",
       "      <td>0.988878</td>\n",
       "    </tr>\n",
       "    <tr>\n",
       "      <th>sweet</th>\n",
       "      <td>0.554929</td>\n",
       "      <td>-0.048670</td>\n",
       "      <td>0.190124</td>\n",
       "      <td>0.529606</td>\n",
       "      <td>-0.150735</td>\n",
       "      <td>0.884469</td>\n",
       "      <td>-0.001273</td>\n",
       "      <td>0.941788</td>\n",
       "      <td>1.000000</td>\n",
       "      <td>0.471983</td>\n",
       "      <td>0.931853</td>\n",
       "    </tr>\n",
       "    <tr>\n",
       "      <th>twistweight</th>\n",
       "      <td>0.289507</td>\n",
       "      <td>0.565842</td>\n",
       "      <td>0.242250</td>\n",
       "      <td>-0.099287</td>\n",
       "      <td>0.299982</td>\n",
       "      <td>0.195792</td>\n",
       "      <td>0.119537</td>\n",
       "      <td>0.566890</td>\n",
       "      <td>0.471983</td>\n",
       "      <td>1.000000</td>\n",
       "      <td>0.573724</td>\n",
       "    </tr>\n",
       "    <tr>\n",
       "      <th>hittingweight</th>\n",
       "      <td>0.559557</td>\n",
       "      <td>0.003905</td>\n",
       "      <td>0.242054</td>\n",
       "      <td>0.534820</td>\n",
       "      <td>-0.118649</td>\n",
       "      <td>0.911336</td>\n",
       "      <td>-0.047643</td>\n",
       "      <td>0.988878</td>\n",
       "      <td>0.931853</td>\n",
       "      <td>0.573724</td>\n",
       "      <td>1.000000</td>\n",
       "    </tr>\n",
       "  </tbody>\n",
       "</table>\n",
       "</div>"
      ],
      "text/plain": [
       "                  index  headsize    length    weight   balance  swingweight  \\\n",
       "index          1.000000 -0.037387  0.109723  0.290374 -0.050027     0.523371   \n",
       "headsize      -0.037387  1.000000  0.600280 -0.681726  0.737252    -0.261155   \n",
       "length         0.109723  0.600280  1.000000 -0.310789  0.516151     0.189963   \n",
       "weight         0.290374 -0.681726 -0.310789  1.000000 -0.825035     0.680991   \n",
       "balance       -0.050027  0.737252  0.516151 -0.825035  1.000000    -0.288224   \n",
       "swingweight    0.523371 -0.261155  0.189963  0.680991 -0.288224     1.000000   \n",
       "flex           0.107339  0.168528  0.149180 -0.221797  0.267335    -0.137516   \n",
       "acor           0.561581  0.008073  0.243743  0.522982 -0.110172     0.904457   \n",
       "sweet          0.554929 -0.048670  0.190124  0.529606 -0.150735     0.884469   \n",
       "twistweight    0.289507  0.565842  0.242250 -0.099287  0.299982     0.195792   \n",
       "hittingweight  0.559557  0.003905  0.242054  0.534820 -0.118649     0.911336   \n",
       "\n",
       "                   flex      acor     sweet  twistweight  hittingweight  \n",
       "index          0.107339  0.561581  0.554929     0.289507       0.559557  \n",
       "headsize       0.168528  0.008073 -0.048670     0.565842       0.003905  \n",
       "length         0.149180  0.243743  0.190124     0.242250       0.242054  \n",
       "weight        -0.221797  0.522982  0.529606    -0.099287       0.534820  \n",
       "balance        0.267335 -0.110172 -0.150735     0.299982      -0.118649  \n",
       "swingweight   -0.137516  0.904457  0.884469     0.195792       0.911336  \n",
       "flex           1.000000 -0.053387 -0.001273     0.119537      -0.047643  \n",
       "acor          -0.053387  1.000000  0.941788     0.566890       0.988878  \n",
       "sweet         -0.001273  0.941788  1.000000     0.471983       0.931853  \n",
       "twistweight    0.119537  0.566890  0.471983     1.000000       0.573724  \n",
       "hittingweight -0.047643  0.988878  0.931853     0.573724       1.000000  "
      ]
     },
     "execution_count": 7,
     "metadata": {},
     "output_type": "execute_result"
    }
   ],
   "source": [
    "df.corr('pearson')"
   ]
  },
  {
   "cell_type": "code",
   "execution_count": 8,
   "metadata": {},
   "outputs": [
    {
     "data": {
      "text/html": [
       "<div>\n",
       "<style scoped>\n",
       "    .dataframe tbody tr th:only-of-type {\n",
       "        vertical-align: middle;\n",
       "    }\n",
       "\n",
       "    .dataframe tbody tr th {\n",
       "        vertical-align: top;\n",
       "    }\n",
       "\n",
       "    .dataframe thead th {\n",
       "        text-align: right;\n",
       "    }\n",
       "</style>\n",
       "<table border=\"1\" class=\"dataframe\">\n",
       "  <thead>\n",
       "    <tr style=\"text-align: right;\">\n",
       "      <th></th>\n",
       "      <th>index</th>\n",
       "      <th>headsize</th>\n",
       "      <th>length</th>\n",
       "      <th>weight</th>\n",
       "      <th>balance</th>\n",
       "      <th>swingweight</th>\n",
       "      <th>flex</th>\n",
       "      <th>acor</th>\n",
       "      <th>sweet</th>\n",
       "      <th>twistweight</th>\n",
       "      <th>hittingweight</th>\n",
       "    </tr>\n",
       "  </thead>\n",
       "  <tbody>\n",
       "    <tr>\n",
       "      <th>index</th>\n",
       "      <td>1.000000</td>\n",
       "      <td>-0.084604</td>\n",
       "      <td>0.160383</td>\n",
       "      <td>0.423995</td>\n",
       "      <td>-0.144412</td>\n",
       "      <td>0.698475</td>\n",
       "      <td>0.034909</td>\n",
       "      <td>0.757733</td>\n",
       "      <td>0.730585</td>\n",
       "      <td>0.404505</td>\n",
       "      <td>0.752457</td>\n",
       "    </tr>\n",
       "    <tr>\n",
       "      <th>headsize</th>\n",
       "      <td>-0.084604</td>\n",
       "      <td>1.000000</td>\n",
       "      <td>0.451220</td>\n",
       "      <td>-0.660002</td>\n",
       "      <td>0.590697</td>\n",
       "      <td>-0.367554</td>\n",
       "      <td>0.263554</td>\n",
       "      <td>-0.075529</td>\n",
       "      <td>-0.142852</td>\n",
       "      <td>0.477025</td>\n",
       "      <td>-0.073748</td>\n",
       "    </tr>\n",
       "    <tr>\n",
       "      <th>length</th>\n",
       "      <td>0.160383</td>\n",
       "      <td>0.451220</td>\n",
       "      <td>1.000000</td>\n",
       "      <td>-0.246530</td>\n",
       "      <td>0.426457</td>\n",
       "      <td>0.144873</td>\n",
       "      <td>0.153765</td>\n",
       "      <td>0.266530</td>\n",
       "      <td>0.207601</td>\n",
       "      <td>0.266090</td>\n",
       "      <td>0.263022</td>\n",
       "    </tr>\n",
       "    <tr>\n",
       "      <th>weight</th>\n",
       "      <td>0.423995</td>\n",
       "      <td>-0.660002</td>\n",
       "      <td>-0.246530</td>\n",
       "      <td>1.000000</td>\n",
       "      <td>-0.806239</td>\n",
       "      <td>0.717815</td>\n",
       "      <td>-0.285443</td>\n",
       "      <td>0.534950</td>\n",
       "      <td>0.544694</td>\n",
       "      <td>-0.044706</td>\n",
       "      <td>0.543040</td>\n",
       "    </tr>\n",
       "    <tr>\n",
       "      <th>balance</th>\n",
       "      <td>-0.144412</td>\n",
       "      <td>0.590697</td>\n",
       "      <td>0.426457</td>\n",
       "      <td>-0.806239</td>\n",
       "      <td>1.000000</td>\n",
       "      <td>-0.365039</td>\n",
       "      <td>0.331151</td>\n",
       "      <td>-0.161886</td>\n",
       "      <td>-0.199010</td>\n",
       "      <td>0.196455</td>\n",
       "      <td>-0.167179</td>\n",
       "    </tr>\n",
       "    <tr>\n",
       "      <th>swingweight</th>\n",
       "      <td>0.698475</td>\n",
       "      <td>-0.367554</td>\n",
       "      <td>0.144873</td>\n",
       "      <td>0.717815</td>\n",
       "      <td>-0.365039</td>\n",
       "      <td>1.000000</td>\n",
       "      <td>-0.193815</td>\n",
       "      <td>0.882153</td>\n",
       "      <td>0.865996</td>\n",
       "      <td>0.199695</td>\n",
       "      <td>0.887874</td>\n",
       "    </tr>\n",
       "    <tr>\n",
       "      <th>flex</th>\n",
       "      <td>0.034909</td>\n",
       "      <td>0.263554</td>\n",
       "      <td>0.153765</td>\n",
       "      <td>-0.285443</td>\n",
       "      <td>0.331151</td>\n",
       "      <td>-0.193815</td>\n",
       "      <td>1.000000</td>\n",
       "      <td>-0.075021</td>\n",
       "      <td>-0.044763</td>\n",
       "      <td>0.165027</td>\n",
       "      <td>-0.068032</td>\n",
       "    </tr>\n",
       "    <tr>\n",
       "      <th>acor</th>\n",
       "      <td>0.757733</td>\n",
       "      <td>-0.075529</td>\n",
       "      <td>0.266530</td>\n",
       "      <td>0.534950</td>\n",
       "      <td>-0.161886</td>\n",
       "      <td>0.882153</td>\n",
       "      <td>-0.075021</td>\n",
       "      <td>1.000000</td>\n",
       "      <td>0.935995</td>\n",
       "      <td>0.585502</td>\n",
       "      <td>0.988531</td>\n",
       "    </tr>\n",
       "    <tr>\n",
       "      <th>sweet</th>\n",
       "      <td>0.730585</td>\n",
       "      <td>-0.142852</td>\n",
       "      <td>0.207601</td>\n",
       "      <td>0.544694</td>\n",
       "      <td>-0.199010</td>\n",
       "      <td>0.865996</td>\n",
       "      <td>-0.044763</td>\n",
       "      <td>0.935995</td>\n",
       "      <td>1.000000</td>\n",
       "      <td>0.493090</td>\n",
       "      <td>0.925905</td>\n",
       "    </tr>\n",
       "    <tr>\n",
       "      <th>twistweight</th>\n",
       "      <td>0.404505</td>\n",
       "      <td>0.477025</td>\n",
       "      <td>0.266090</td>\n",
       "      <td>-0.044706</td>\n",
       "      <td>0.196455</td>\n",
       "      <td>0.199695</td>\n",
       "      <td>0.165027</td>\n",
       "      <td>0.585502</td>\n",
       "      <td>0.493090</td>\n",
       "      <td>1.000000</td>\n",
       "      <td>0.588464</td>\n",
       "    </tr>\n",
       "    <tr>\n",
       "      <th>hittingweight</th>\n",
       "      <td>0.752457</td>\n",
       "      <td>-0.073748</td>\n",
       "      <td>0.263022</td>\n",
       "      <td>0.543040</td>\n",
       "      <td>-0.167179</td>\n",
       "      <td>0.887874</td>\n",
       "      <td>-0.068032</td>\n",
       "      <td>0.988531</td>\n",
       "      <td>0.925905</td>\n",
       "      <td>0.588464</td>\n",
       "      <td>1.000000</td>\n",
       "    </tr>\n",
       "  </tbody>\n",
       "</table>\n",
       "</div>"
      ],
      "text/plain": [
       "                  index  headsize    length    weight   balance  swingweight  \\\n",
       "index          1.000000 -0.084604  0.160383  0.423995 -0.144412     0.698475   \n",
       "headsize      -0.084604  1.000000  0.451220 -0.660002  0.590697    -0.367554   \n",
       "length         0.160383  0.451220  1.000000 -0.246530  0.426457     0.144873   \n",
       "weight         0.423995 -0.660002 -0.246530  1.000000 -0.806239     0.717815   \n",
       "balance       -0.144412  0.590697  0.426457 -0.806239  1.000000    -0.365039   \n",
       "swingweight    0.698475 -0.367554  0.144873  0.717815 -0.365039     1.000000   \n",
       "flex           0.034909  0.263554  0.153765 -0.285443  0.331151    -0.193815   \n",
       "acor           0.757733 -0.075529  0.266530  0.534950 -0.161886     0.882153   \n",
       "sweet          0.730585 -0.142852  0.207601  0.544694 -0.199010     0.865996   \n",
       "twistweight    0.404505  0.477025  0.266090 -0.044706  0.196455     0.199695   \n",
       "hittingweight  0.752457 -0.073748  0.263022  0.543040 -0.167179     0.887874   \n",
       "\n",
       "                   flex      acor     sweet  twistweight  hittingweight  \n",
       "index          0.034909  0.757733  0.730585     0.404505       0.752457  \n",
       "headsize       0.263554 -0.075529 -0.142852     0.477025      -0.073748  \n",
       "length         0.153765  0.266530  0.207601     0.266090       0.263022  \n",
       "weight        -0.285443  0.534950  0.544694    -0.044706       0.543040  \n",
       "balance        0.331151 -0.161886 -0.199010     0.196455      -0.167179  \n",
       "swingweight   -0.193815  0.882153  0.865996     0.199695       0.887874  \n",
       "flex           1.000000 -0.075021 -0.044763     0.165027      -0.068032  \n",
       "acor          -0.075021  1.000000  0.935995     0.585502       0.988531  \n",
       "sweet         -0.044763  0.935995  1.000000     0.493090       0.925905  \n",
       "twistweight    0.165027  0.585502  0.493090     1.000000       0.588464  \n",
       "hittingweight -0.068032  0.988531  0.925905     0.588464       1.000000  "
      ]
     },
     "execution_count": 8,
     "metadata": {},
     "output_type": "execute_result"
    }
   ],
   "source": [
    "df.corr('spearman')"
   ]
  },
  {
   "cell_type": "code",
   "execution_count": 9,
   "metadata": {},
   "outputs": [],
   "source": [
    "X = normal_length_racquets[['weight', 'balance']]#'length',\n",
    "y = normal_length_racquets['swingweight']\n",
    "\n",
    "# X_train_mean = X.mean()\n",
    "# X_train_sd = X.std()\n",
    "\n",
    "# y_train_mean = y.mean()\n",
    "# y_train_sd = y.std()\n",
    "\n",
    "# X = (X - X.mean())/X.std()\n",
